import numpy as np

test_tags = [
    ("tag0", np.array(
        [[-1.00000000e+00, 2.65358979e-06, -3.00000000e-06,  5.00004500e-01],
        [ 2.65358183e-06,  1.00000000e+00,  2.65358979e-06, -5.30717561e-06],
        [ 3.00000704e-06,  2.65358183e-06, -1.00000000e+00,  1.49999850e+00],
        [ 0.00000000e+00,  0.00000000e+00,  0.00000000e+00,  1.00000000e+00]])),
    ("tag3", np.array(
        [[-2.57209079e-01,  9.66355778e-01, -2.99824926e-06, -4.97463357e-01],
        [ 9.66355778e-01,  2.57209079e-01,  2.65396629e-06, -1.00601996e-01],
        [ 3.33585259e-06, -2.21475127e-06, -1.00000000e+00,  1.24960209e+00],
        [ 0.00000000e+00,  0.00000000e+00,  0.00000000e+00,  1.00000000e+00]])),
    ("tag4", np.array( 
        [[-2.93956569e-01,  9.55818778e-01, -2.99831504e-06, -4.96458979e-01],
        [ 9.55818778e-01,  2.93956569e-01,  2.65419864e-06, -2.40832026e-01],
        [ 3.41830731e-06, -2.08562669e-06, -1.00000000e+00,  1.24960172e+00],
        [ 0.00000000e+00,  0.00000000e+00,  0.00000000e+00,  1.00000000e+00]])),
    ("tag3", np.array(
        [[-2.41773345e-01,  9.70332752e-01, -2.99824329e-06, -6.36310377e-01],
        [ 9.70332752e-01,  2.41773345e-01,  2.65393841e-06, -1.08171627e-01],
        [ 3.30009867e-06, -2.26764210e-06, -1.00000000e+00,  1.24960249e+00],
        [ 0.00000000e+00,  0.00000000e+00,  0.00000000e+00,  1.00000000e+00]])),
    ("tag4", np.array(
        [[ 8.10746578e-01,  5.85397289e-01, -2.99888374e-06, -6.23029935e-01],
        [ 5.85397289e-01, -8.10746578e-01,  2.65219296e-06, -2.37061587e-01],
        [-8.78748165e-07, -3.90579478e-06, -1.00000000e+00,  1.24960211e+00],
        [ 0.00000000e+00,  0.00000000e+00,  0.00000000e+00,  1.00000000e+00]])),
    ("tag9", np.array( 
        [[ 2.12233381e-01,  9.77219009e-01, -4.68344427e-06, -2.22775804e-01],
        [ 9.77219009e-01, -2.12233381e-01,  2.94372409e-06,  1.06813010e+00],
        [ 1.88267992e-06, -5.20150728e-06, -1.00000000e+00,  1.24960557e+00],
        [ 0.00000000e+00,  0.00000000e+00,  0.00000000e+00,  1.00000000e+00]])),
    ("tag11", np.array( 
        [[-7.19726458e-01, -6.94257751e-01, -4.42637787e-06,  2.11944660e-01],
        [-6.94257751e-01,  7.19726458e-01,  2.73018230e-06,  1.02871752e+00],
        [ 1.29033104e-06,  5.03803158e-06, -1.00000000e+00,  1.24960349e+00],
        [ 0.00000000e+00,  0.00000000e+00,  0.00000000e+00,  1.00000000e+00]])),
    ("tag9", np.array(
        [[ 8.62720558e-01,  5.05680966e-01, -4.52747273e-06,  2.13875058e-01],
        [ 5.05680966e-01, -8.62720558e-01,  2.87095677e-06,  8.76532969e-01],
        [-2.45415561e-06, -4.76629021e-06, -1.00000000e+00,  1.24960307e+00],
        [ 0.00000000e+00,  0.00000000e+00,  0.00000000e+00,  1.00000000e+00]])),
    ("tag10", np.array(
        [[ 9.02770762e-01,  4.30122018e-01, -4.70783247e-06,  7.02439223e-02],
        [ 4.30122018e-01, -9.02770762e-01,  2.80236053e-06,  7.56465108e-01],
        [-3.04473655e-06, -4.55483155e-06, -1.00000000e+00,  1.24960339e+00],
        [ 0.00000000e+00,  0.00000000e+00,  0.00000000e+00,  1.00000000e+00]])),
    ("tag9", np.array(
        [[ 7.23466795e-01, -6.90359180e-01, -4.35583779e-06, -1.05768397e-01],
        [-6.90359180e-01, -7.23466795e-01,  2.74757905e-06,  7.44911504e-01],
        [-5.04812042e-06,  1.01931040e-06, -1.00000000e+00,  1.24960416e+00],
        [ 0.00000000e+00,  0.00000000e+00,  0.00000000e+00,  1.00000000e+00]])),
    ("tag12", np.array(
        [[ 4.44890183e-01,  8.95585130e-01, -4.62405255e-06, -2.42161240e-01],
        [ 8.95585130e-01, -4.44890183e-01,  2.97292497e-06,  9.11831730e-01],
        [ 6.05311819e-07, -5.46385784e-06, -1.00000000e+00,  1.24960523e+00],
        [ 0.00000000e+00,  0.00000000e+00,  0.00000000e+00,  1.00000000e+00]]))
]